0.000000000e+00 0.000
1.000000000e-09 5.000
1.000000000e-05 5.000
2.000000000e-05 5.000
3.000000000e-05 5.000
4.000000000e-05 5.000
5.000000000e-05 5.000
6.000000000e-05 5.000
7.000000000e-05 5.000
8.000000000e-05 5.000
8.000100000e-05 0.000
9.000000000e-05 0.000
1.000000000e-04 0.000
1.100000000e-04 0.000
1.200000000e-04 0.000
1.300000000e-04 0.000
1.300010000e-04 5.000
1.400000000e-04 5.000
1.400010000e-04 0.000
1.500000000e-04 0.000
1.600000000e-04 0.000
1.700000000e-04 0.000
1.700010000e-04 5.000
1.800000000e-04 5.000
1.800010000e-04 0.000
1.900000000e-04 0.000
2.000000000e-04 0.000
2.100000000e-04 0.000
2.200000000e-04 0.000
2.300000000e-04 0.000
2.300010000e-04 5.000
2.400000000e-04 5.000
2.400010000e-04 0.000
2.500000000e-04 0.000
2.600000000e-04 0.000
2.700000000e-04 0.000
2.800000000e-04 0.000
2.900000000e-04 0.000
3.000000000e-04 0.000
3.000010000e-04 5.000
3.100000000e-04 5.000
3.200000000e-04 5.000
3.200010000e-04 0.000
3.300000000e-04 0.000
3.300010000e-04 5.000
3.400000000e-04 5.000
3.400010000e-04 0.000
3.500000000e-04 0.000
3.600000000e-04 0.000
3.700000000e-04 0.000
3.800000000e-04 0.000
3.800010000e-04 5.000
3.900000000e-04 5.000
3.900010000e-04 0.000
4.000000000e-04 0.000
4.100000000e-04 0.000
4.200000000e-04 0.000
4.300000000e-04 0.000
4.400000000e-04 0.000
4.500000000e-04 0.000
4.600000000e-04 0.000
4.600010000e-04 5.000
4.700000000e-04 5.000
4.700010000e-04 0.000
4.800000000e-04 0.000
4.900000000e-04 0.000
4.900010000e-04 5.000
5.000000000e-04 5.000
5.000010000e-04 0.000
5.100000000e-04 0.000
5.200000000e-04 0.000
5.300000000e-04 0.000
5.400000000e-04 0.000
5.400010000e-04 5.000
5.500000000e-04 5.000
5.600000000e-04 5.000
5.700000000e-04 5.000
5.800000000e-04 5.000
5.900000000e-04 5.000
6.000000000e-04 5.000
6.100000000e-04 5.000
6.200000000e-04 5.000
6.300000000e-04 5.000
6.300010000e-04 0.000
6.400000000e-04 0.000
